0.999000,0.000000,0.001000,0.000000
0.998950,0.000050,0.000986,0.000014
0.998901,0.000098,0.000973,0.000028
0.998852,0.000143,0.000963,0.000042
0.998804,0.000186,0.000954,0.000056
0.998757,0.000228,0.000946,0.000070
0.998709,0.000267,0.000940,0.000083
0.998662,0.000305,0.000936,0.000097
0.998616,0.000342,0.000933,0.000110
0.998569,0.000377,0.000931,0.000123
0.998523,0.000411,0.000930,0.000136
0.998476,0.000444,0.000930,0.000150
0.998430,0.000475,0.000932,0.000163
0.998383,0.000506,0.000934,0.000176
0.998337,0.000536,0.000938,0.000189
0.998290,0.000565,0.000942,0.000203
0.998243,0.000593,0.000948,0.000216
0.998196,0.000620,0.000954,0.000230
0.998148,0.000647,0.000961,0.000243
0.998100,0.000674,0.000969,0.000257
0.998052,0.000700,0.000977,0.000271
0.998003,0.000725,0.000987,0.000285
0.997954,0.000750,0.000997,0.000299
0.997905,0.000775,0.001008,0.000313
0.997854,0.000799,0.001019,0.000327
0.997804,0.000824,0.001031,0.000342
0.997752,0.000848,0.001044,0.000356
0.997700,0.000871,0.001057,0.000371
0.997648,0.000895,0.001071,0.000386
0.997594,0.000919,0.001086,0.000401
0.997540,0.000942,0.001101,0.000417
0.997486,0.000966,0.001117,0.000432
0.997430,0.000989,0.001133,0.000448
0.997374,0.001013,0.001150,0.000464
0.997316,0.001036,0.001167,0.000480
0.997258,0.001060,0.001185,0.000497
0.997199,0.001084,0.001203,0.000514
0.997140,0.001108,0.001222,0.000531
0.997079,0.001132,0.001242,0.000548
0.997017,0.001156,0.001262,0.000566
0.996954,0.001180,0.001282,0.000584
0.996891,0.001205,0.001303,0.000602
0.996826,0.001229,0.001325,0.000620
0.996760,0.001255,0.001347,0.000639
0.996693,0.001280,0.001369,0.000658
0.996625,0.001305,0.001392,0.000677
0.996556,0.001331,0.001416,0.000697
0.996485,0.001357,0.001440,0.000717
0.996414,0.001384,0.001465,0.000737
0.996341,0.001411,0.001490,0.000758
0.996267,0.001438,0.001516,0.000779
0.996192,0.001466,0.001542,0.000801
0.996115,0.001494,0.001569,0.000823
0.996037,0.001522,0.001596,0.000845
0.995958,0.001551,0.001624,0.000867
0.995877,0.001580,0.001653,0.000890
0.995795,0.001609,0.001682,0.000914
0.995712,0.001640,0.001711,0.000937
0.995627,0.001670,0.001742,0.000962
0.995540,0.001701,0.001772,0.000986
0.995452,0.001733,0.001804,0.001011
0.995363,0.001765,0.001836,0.001037
0.995272,0.001797,0.001868,0.001063
0.995179,0.001830,0.001902,0.001089
0.995085,0.001864,0.001935,0.001116
0.994989,0.001898,0.001970,0.001143
0.994891,0.001933,0.002005,0.001171
0.994792,0.001968,0.002041,0.001199
0.994691,0.002004,0.002077,0.001228
0.994588,0.002040,0.002114,0.001258
0.994483,0.002078,0.002152,0.001287
0.994376,0.002115,0.002191,0.001318
0.994268,0.002154,0.002230,0.001349
0.994157,0.002193,0.002270,0.001380
0.994045,0.002233,0.002310,0.001412
0.993930,0.002273,0.002352,0.001445
0.993814,0.002314,0.002394,0.001478
0.993695,0.002356,0.002437,0.001512
0.993574,0.002398,0.002481,0.001546
0.993452,0.002442,0.002525,0.001581
0.993327,0.002486,0.002571,0.001617
0.993199,0.002531,0.002617,0.001653
0.993070,0.002576,0.002664,0.001690
0.992938,0.002623,0.002711,0.001728
0.992804,0.002670,0.002760,0.001766
0.992667,0.002718,0.002810,0.001805
0.992529,0.002767,0.002860,0.001845
0.992387,0.002816,0.002912,0.001885
0.992243,0.002867,0.002964,0.001926
0.992097,0.002918,0.003017,0.001968
0.991947,0.002971,0.003071,0.002010
0.991796,0.003024,0.003126,0.002054
0.991641,0.003078,0.003183,0.002098
0.991484,0.003134,0.003240,0.002143
0.991324,0.003190,0.003298,0.002188
0.991161,0.003247,0.003357,0.002235
0.990995,0.003305,0.003417,0.002282
0.990827,0.003364,0.003479,0.002331
0.990655,0.003424,0.003541,0.002380
0.990480,0.003486,0.003605,0.002429
0.990302,0.003548,0.003669,0.002480
0.990121,0.003611,0.003735,0.002532
0.989937,0.003676,0.003802,0.002585
0.989750,0.003742,0.003870,0.002638
0.989559,0.003808,0.003940,0.002693
0.989365,0.003876,0.004011,0.002748
0.989167,0.003946,0.004082,0.002805
0.988966,0.004016,0.004156,0.002863
0.988761,0.004088,0.004230,0.002921
0.988553,0.004160,0.004306,0.002981
0.988341,0.004235,0.004383,0.003041
0.988125,0.004310,0.004462,0.003103
0.987905,0.004387,0.004542,0.003166
0.987682,0.004465,0.004623,0.003230
0.987455,0.004544,0.004706,0.003295
0.987223,0.004625,0.004790,0.003362
0.986988,0.004708,0.004876,0.003429
0.986748,0.004791,0.004963,0.003498
0.986504,0.004876,0.005052,0.003568
0.986256,0.004963,0.005142,0.003639
0.986003,0.005051,0.005234,0.003711
0.985746,0.005141,0.005328,0.003785
0.985485,0.005232,0.005423,0.003860
0.985219,0.005325,0.005520,0.003937
0.984948,0.005419,0.005619,0.004014
0.984672,0.005515,0.005719,0.004094
0.984392,0.005613,0.005821,0.004174
0.984106,0.005712,0.005925,0.004256
0.983816,0.005814,0.006031,0.004340
0.983520,0.005916,0.006138,0.004425
0.983220,0.006021,0.006248,0.004511
0.982914,0.006128,0.006359,0.004599
0.982603,0.006236,0.006473,0.004689
0.982286,0.006346,0.006588,0.004780
0.981964,0.006458,0.006706,0.004873
0.981636,0.006572,0.006825,0.004967
0.981302,0.006688,0.006947,0.005063
0.980963,0.006806,0.007070,0.005161
0.980617,0.006926,0.007196,0.005261
0.980266,0.007048,0.007324,0.005362
0.979908,0.007172,0.007455,0.005465
0.979545,0.007298,0.007587,0.005570
0.979175,0.007426,0.007722,0.005677
0.978798,0.007557,0.007859,0.005786
0.978415,0.007690,0.007999,0.005897
0.978025,0.007825,0.008141,0.006009
0.977629,0.007962,0.008285,0.006124
0.977225,0.008101,0.008432,0.006241
0.976815,0.008243,0.008582,0.006359
0.976398,0.008388,0.008734,0.006480
0.975973,0.008535,0.008889,0.006603
0.975541,0.008684,0.009047,0.006728
0.975102,0.008836,0.009207,0.006856
0.974655,0.008990,0.009370,0.006985
0.974200,0.009147,0.009536,0.007117
0.973738,0.009307,0.009704,0.007252
0.973267,0.009469,0.009876,0.007388
0.972788,0.009634,0.010050,0.007527
0.972302,0.009802,0.010228,0.007669
0.971807,0.009972,0.010409,0.007813
0.971303,0.010145,0.010592,0.007959
0.970791,0.010322,0.010779,0.008109
0.970270,0.010501,0.010969,0.008260
0.969740,0.010683,0.011162,0.008415
0.969201,0.010868,0.011359,0.008572
0.968653,0.011056,0.011559,0.008732
0.968095,0.011248,0.011763,0.008895
0.967528,0.011442,0.011969,0.009060
0.966952,0.011640,0.012180,0.009229
0.966366,0.011840,0.012394,0.009400
0.965769,0.012045,0.012611,0.009575
0.965163,0.012252,0.012833,0.009752
0.964546,0.012463,0.013058,0.009933
0.963919,0.012677,0.013287,0.010117
0.963282,0.012895,0.013520,0.010304
0.962633,0.013116,0.013756,0.010494
0.961974,0.013341,0.013997,0.010688
0.961304,0.013570,0.014242,0.010885
0.960622,0.013802,0.014491,0.011085
0.959929,0.014038,0.014744,0.011289
0.959225,0.014278,0.015001,0.011497
0.958508,0.014521,0.015263,0.011708
0.957780,0.014769,0.015529,0.011923
0.957040,0.015020,0.015799,0.012141
0.956287,0.015275,0.016074,0.012364
0.955522,0.015535,0.016354,0.012590
0.954744,0.015798,0.016638,0.012820
0.953953,0.016066,0.016927,0.013054
0.953150,0.016338,0.017220,0.013292
0.952333,0.016614,0.017519,0.013535
0.951502,0.016894,0.017822,0.013781
0.950658,0.017179,0.018131,0.014032
0.949800,0.017468,0.018445,0.014287
0.948928,0.017762,0.018763,0.014547
0.948042,0.018060,0.019087,0.014811
0.947141,0.018363,0.019417,0.015080
0.946226,0.018670,0.019751,0.015353
0.945295,0.018982,0.020092,0.015631
0.944350,0.019299,0.020437,0.015914
0.943389,0.019621,0.020789,0.016201
0.942413,0.019947,0.021146,0.016494
0.941421,0.020279,0.021509,0.016791
0.940413,0.020615,0.021877,0.017094
0.939389,0.020957,0.022252,0.017402
0.938349,0.021304,0.022633,0.017715
0.937292,0.021655,0.023019,0.018033
0.936218,0.022012,0.023412,0.018357
0.935127,0.022374,0.023812,0.018687
0.934019,0.022742,0.024217,0.019022
0.932893,0.023115,0.024629,0.019362
0.931750,0.023493,0.025048,0.019709
0.930588,0.023877,0.025473,0.020061
0.929408,0.024266,0.025905,0.020420
0.928210,0.024661,0.026344,0.020784
0.926993,0.025062,0.026790,0.021155
0.925757,0.025468,0.027243,0.021532
0.924502,0.025880,0.027702,0.021915
0.923228,0.026298,0.028169,0.022305
0.921934,0.026722,0.028643,0.022701
0.920619,0.027152,0.029125,0.023104
0.919285,0.027587,0.029614,0.023514
0.917930,0.028029,0.030110,0.023931
0.916555,0.028476,0.030615,0.024354
0.915159,0.028930,0.031126,0.024785
0.913741,0.029390,0.031646,0.025223
0.912302,0.029856,0.032174,0.025668
0.910842,0.030329,0.032709,0.026120
0.909359,0.030807,0.033253,0.026581
0.907854,0.031292,0.033805,0.027048
0.906327,0.031784,0.034365,0.027524
0.904778,0.032282,0.034934,0.028007
0.903205,0.032786,0.035511,0.028499
0.901609,0.033297,0.036096,0.028998
0.899990,0.033814,0.036690,0.029506
0.898347,0.034338,0.037293,0.030022
0.896680,0.034868,0.037905,0.030546
0.894989,0.035406,0.038526,0.031080
0.893273,0.035949,0.039156,0.031621
0.891533,0.036500,0.039795,0.032172
0.889768,0.037057,0.040443,0.032732
0.887978,0.037621,0.041100,0.033301
0.886162,0.038192,0.041767,0.033879
0.884321,0.038770,0.042444,0.034466
0.882454,0.039354,0.043130,0.035063
0.880560,0.039945,0.043825,0.035669
0.878640,0.040543,0.044531,0.036286
0.876694,0.041148,0.045246,0.036912
0.874721,0.041760,0.045971,0.037548
0.872720,0.042378,0.046706,0.038195
0.870693,0.043004,0.047452,0.038851
0.868638,0.043636,0.048207,0.039519
0.866555,0.044275,0.048973,0.040197
0.864444,0.044921,0.049750,0.040885
0.862305,0.045574,0.050536,0.041585
0.860137,0.046234,0.051333,0.042295
0.857941,0.046901,0.052141,0.043017
0.855716,0.047574,0.052960,0.043750
0.853462,0.048254,0.053789,0.044495
0.851179,0.048941,0.054629,0.045251
0.848867,0.049635,0.055480,0.046019
0.846525,0.050335,0.056342,0.046799
0.844153,0.051042,0.057215,0.047591
0.841751,0.051755,0.058099,0.048395
0.839319,0.052475,0.058994,0.049212
0.836856,0.053202,0.059900,0.050041
0.834364,0.053935,0.060818,0.050883
0.831841,0.054674,0.061747,0.051738
0.829287,0.055420,0.062687,0.052606
0.826702,0.056172,0.063639,0.053487
0.824086,0.056930,0.064603,0.054382
0.821439,0.057694,0.065577,0.055290
0.818760,0.058465,0.066564,0.056211
0.816051,0.059241,0.067562,0.057147
0.813310,0.060023,0.068571,0.058096
0.810537,0.060810,0.069592,0.059060
0.807733,0.061604,0.070625,0.060038
0.804897,0.062403,0.071670,0.061030
0.802030,0.063207,0.072726,0.062038
0.799130,0.064016,0.073794,0.063060
0.796199,0.064831,0.074873,0.064096
0.793236,0.065651,0.075965,0.065148
0.790241,0.066475,0.077068,0.066216
0.787214,0.067305,0.078183,0.067299
0.784155,0.068138,0.079310,0.068397
0.781064,0.068977,0.080448,0.069511
0.777941,0.069819,0.081598,0.070642
0.774787,0.070666,0.082759,0.071788
0.771600,0.071516,0.083933,0.072951
0.768382,0.072371,0.085117,0.074130
0.765133,0.073228,0.086314,0.075325
0.761851,0.074089,0.087522,0.076538
0.758538,0.074954,0.088741,0.077767
0.755194,0.075821,0.089972,0.079013
0.751818,0.076691,0.091214,0.080277
0.748411,0.077563,0.092467,0.081558
0.744973,0.078438,0.093732,0.082857
0.741505,0.079315,0.095007,0.084173
0.738005,0.080193,0.096294,0.085507
0.734476,0.081074,0.097591,0.086859
0.730915,0.081955,0.098900,0.088230
0.727325,0.082838,0.100219,0.089619
0.723705,0.083721,0.101548,0.091026
0.720056,0.084605,0.102888,0.092451
0.716377,0.085489,0.104239,0.093896
0.712669,0.086373,0.105599,0.095359
0.708932,0.087257,0.106970,0.096842
0.705167,0.088140,0.108350,0.098343
0.701373,0.089022,0.109740,0.099864
0.697552,0.089903,0.111140,0.101405
0.693704,0.090783,0.112549,0.102965
0.689828,0.091660,0.113967,0.104544
0.685926,0.092536,0.115394,0.106144
0.681998,0.093409,0.116830,0.107763
0.678043,0.094279,0.118275,0.109403
0.674063,0.095146,0.119728,0.111062
0.670059,0.096010,0.121189,0.112742
0.666029,0.096870,0.122658,0.114443
0.661976,0.097726,0.124135,0.116163
0.657899,0.098577,0.125619,0.117905
0.653799,0.099423,0.127110,0.119667
0.649677,0.100264,0.128609,0.121450
0.645532,0.101100,0.130114,0.123254
0.641366,0.101929,0.131625,0.125079
0.637180,0.102753,0.133142,0.126925
0.632973,0.103569,0.134665,0.128793
0.628746,0.104379,0.136194,0.130681
0.624500,0.105181,0.137727,0.132591
0.620236,0.105976,0.139266,0.134522
0.615954,0.106762,0.140809,0.136475
0.611655,0.107540,0.142356,0.138449
0.607339,0.108309,0.143907,0.140445
0.603008,0.109069,0.145462,0.142462
0.598661,0.109819,0.147019,0.144501
0.594300,0.110559,0.148580,0.146562
0.589925,0.111289,0.150142,0.148644
0.585537,0.112008,0.151707,0.150748
0.581137,0.112716,0.153273,0.152874
0.576725,0.113412,0.154841,0.155022
0.572302,0.114097,0.156409,0.157192
0.567870,0.114769,0.157978,0.159383
0.563428,0.115429,0.159547,0.161596
0.558978,0.116076,0.161115,0.163831
0.554519,0.116710,0.162683,0.166088
0.550054,0.117330,0.164249,0.168366
0.545583,0.117936,0.165814,0.170667
0.541107,0.118528,0.167376,0.172989
0.536626,0.119106,0.168936,0.175332
0.532141,0.119668,0.170493,0.177698
0.527653,0.120216,0.172046,0.180085
0.523164,0.120748,0.173596,0.182493
0.518673,0.121264,0.175141,0.184923
0.514181,0.121764,0.176681,0.187374
0.509690,0.122247,0.178215,0.189847
0.505201,0.122714,0.179744,0.192341
0.500713,0.123164,0.181267,0.194856
0.496228,0.123597,0.182783,0.197392
0.491747,0.124012,0.184292,0.199949
0.487271,0.124409,0.185793,0.202527
0.482800,0.124789,0.187286,0.205126
0.478335,0.125150,0.188770,0.207745
0.473877,0.125493,0.190245,0.210385
0.469427,0.125818,0.191710,0.213045
0.464986,0.126124,0.193165,0.215726
0.460554,0.126410,0.194610,0.218426
0.456132,0.126678,0.196043,0.221146
0.451722,0.126927,0.197465,0.223886
0.447323,0.127156,0.198875,0.226646
0.442937,0.127365,0.200273,0.229425
0.438565,0.127555,0.201657,0.232223
0.434206,0.127725,0.203028,0.235040
0.429863,0.127876,0.204385,0.237876
0.425535,0.128006,0.205728,0.240731
0.421224,0.128116,0.207056,0.243604
0.416930,0.128207,0.208369,0.246495
0.412653,0.128277,0.209665,0.249404
0.408396,0.128327,0.210946,0.252331
0.404157,0.128357,0.212210,0.255276
0.399939,0.128367,0.213457,0.258237
0.395741,0.128356,0.214687,0.261216
0.391565,0.128326,0.215898,0.264211
0.387410,0.128275,0.217092,0.267223
0.383278,0.128204,0.218266,0.270251
0.379170,0.128114,0.219421,0.273295
0.375085,0.128003,0.220557,0.276355
0.371024,0.127873,0.221673,0.279430
0.366988,0.127723,0.222769,0.282520
0.362978,0.127553,0.223844,0.285625
0.358994,0.127364,0.224898,0.288745
0.355036,0.127155,0.225931,0.291878
0.351105,0.126927,0.226941,0.295026
0.347202,0.126680,0.227930,0.298187
0.343327,0.126415,0.228897,0.301362
0.339480,0.126130,0.229841,0.304549
0.335662,0.125827,0.230762,0.307749
0.331874,0.125506,0.231659,0.310961
0.328115,0.125166,0.232533,0.314186
0.324386,0.124809,0.233384,0.317421
0.320688,0.124434,0.234210,0.320669
0.317020,0.124042,0.235012,0.323927
0.313384,0.123632,0.235789,0.327195
0.309779,0.123206,0.236542,0.330474
0.306205,0.122763,0.237270,0.333762
0.302664,0.122303,0.237972,0.337061
0.299155,0.121828,0.238649,0.340368
0.295679,0.121336,0.239301,0.343684
0.292235,0.120830,0.239927,0.347008
0.288824,0.120308,0.240527,0.350341
0.285447,0.119771,0.241101,0.353681
0.282103,0.119220,0.241649,0.357028
0.278792,0.118654,0.242171,0.360383
0.275515,0.118075,0.242667,0.363743
0.272272,0.117482,0.243136,0.367110
0.269062,0.116876,0.243579,0.370483
0.265887,0.116257,0.243995,0.373861
0.262746,0.115625,0.244384,0.377245
0.259638,0.114982,0.244747,0.380633
0.256565,0.114326,0.245084,0.384025
0.253527,0.113659,0.245393,0.387421
0.250522,0.112981,0.245676,0.390820
0.247552,0.112293,0.245933,0.394223
0.244616,0.111594,0.246162,0.397628
0.241714,0.110885,0.246366,0.401036
0.238846,0.110166,0.246542,0.404445
0.236013,0.109438,0.246692,0.407857
0.233213,0.108701,0.246816,0.411269
0.230448,0.107956,0.246914,0.414682
0.227717,0.107202,0.246985,0.418096
0.225019,0.106441,0.247030,0.421510
0.222355,0.105672,0.247049,0.424923
0.219725,0.104897,0.247042,0.428336
0.217128,0.104114,0.247009,0.431748
0.214565,0.103325,0.246951,0.435158
0.212035,0.102531,0.246868,0.438567
0.209538,0.101730,0.246759,0.441974
0.207074,0.100924,0.246624,0.445378
0.204642,0.100114,0.246465,0.448779
0.202243,0.099298,0.246282,0.452177
0.199877,0.098479,0.246073,0.455571
0.197542,0.097655,0.245841,0.458962
0.195240,0.096829,0.245584,0.462348
0.192969,0.095998,0.245303,0.465730
0.190730,0.095165,0.244999,0.469106
0.188522,0.094329,0.244671,0.472478
0.186345,0.093491,0.244320,0.475844
0.184199,0.092651,0.243946,0.479204
0.182084,0.091810,0.243549,0.482557
0.179999,0.090967,0.243130,0.485904
0.177944,0.090123,0.242689,0.489244
0.175918,0.089278,0.242226,0.492577
0.173923,0.088432,0.241742,0.495903
0.171956,0.087587,0.241236,0.499220
0.170019,0.086742,0.240710,0.502530
0.168110,0.085896,0.240162,0.505831
0.166230,0.085052,0.239595,0.509123
0.164378,0.084208,0.239007,0.512407
0.162554,0.083366,0.238399,0.515681
0.160758,0.082524,0.237773,0.518945
0.158989,0.081685,0.237127,0.522200
0.157247,0.080847,0.236462,0.525444
0.155532,0.080011,0.235779,0.528678
0.153843,0.079178,0.235078,0.531901
0.152181,0.078347,0.234359,0.535114
0.150544,0.077518,0.233622,0.538315
0.148933,0.076693,0.232869,0.541505
0.147347,0.075871,0.232098,0.544684
0.145787,0.075052,0.231312,0.547850
0.144251,0.074236,0.230509,0.551005
0.142739,0.073424,0.229691,0.554147
0.141251,0.072616,0.228857,0.557276
0.139788,0.071812,0.228008,0.560393
0.138348,0.071012,0.227144,0.563496
0.136931,0.070216,0.226266,0.566587
0.135537,0.069424,0.225375,0.569664
0.134166,0.068638,0.224469,0.572728
0.132817,0.067855,0.223550,0.575777
0.131490,0.067078,0.222619,0.578813
0.130185,0.066306,0.221674,0.581835
0.128901,0.065539,0.220718,0.584842
0.127639,0.064776,0.219749,0.587835
0.126398,0.064020,0.218769,0.590813
0.125177,0.063268,0.217778,0.593777
0.123977,0.062522,0.216776,0.596725
0.122796,0.061782,0.215763,0.599659
0.121636,0.061047,0.214740,0.602577
0.120495,0.060318,0.213707,0.605479
0.119373,0.059595,0.212665,0.608366
0.118271,0.058878,0.211613,0.611238
0.117187,0.058167,0.210553,0.614093
0.116121,0.057462,0.209484,0.616933
0.115074,0.056763,0.208407,0.619757
0.114045,0.056070,0.207322,0.622564
0.113033,0.055383,0.206229,0.625355
0.112039,0.054702,0.205129,0.628130
0.111062,0.054028,0.204022,0.630888
0.110102,0.053360,0.202908,0.633630
0.109158,0.052698,0.201788,0.636355
0.108231,0.052043,0.200662,0.639063
0.107321,0.051394,0.199530,0.641755
0.106426,0.050752,0.198393,0.644430
0.105547,0.050116,0.197250,0.647087
0.104683,0.049486,0.196103,0.649728
0.103834,0.048863,0.194951,0.652351
0.103001,0.048246,0.193795,0.654958
0.102182,0.047636,0.192635,0.657547
0.101378,0.047033,0.191471,0.660118
0.100589,0.046435,0.190303,0.662673
0.099813,0.045845,0.189132,0.665210
0.099051,0.045260,0.187959,0.667730
0.098304,0.044683,0.186782,0.670232
0.097569,0.044111,0.185603,0.672716
0.096848,0.043546,0.184422,0.675184
0.096140,0.042988,0.183239,0.677633
0.095445,0.042436,0.182054,0.680065
0.094762,0.041890,0.180868,0.682480
0.094092,0.041351,0.179681,0.684877
0.093435,0.040818,0.178492,0.687256
0.092789,0.040291,0.177303,0.689617
0.092155,0.039770,0.176113,0.691961
0.091533,0.039256,0.174923,0.694288
0.090923,0.038748,0.173732,0.696596
0.090324,0.038247,0.172542,0.698887
0.089736,0.037751,0.171352,0.701161
0.089160,0.037261,0.170162,0.703417
0.088594,0.036778,0.168974,0.705655
0.088039,0.036300,0.167786,0.707875
0.087494,0.035829,0.166599,0.710078
0.086960,0.035364,0.165413,0.712264
0.086436,0.034904,0.164229,0.714432
0.085922,0.034450,0.163046,0.716582
0.085417,0.034002,0.161865,0.718715
0.084923,0.033560,0.160686,0.720830
0.084438,0.033124,0.159509,0.722928
0.083963,0.032693,0.158335,0.725009
0.083497,0.032268,0.157163,0.727072
0.083040,0.031849,0.155993,0.729118
0.082592,0.031435,0.154826,0.731147
0.082153,0.031026,0.153662,0.733159
0.081723,0.030623,0.152501,0.735153
0.081301,0.030226,0.151344,0.737130
0.080888,0.029833,0.150189,0.739090
0.080483,0.029446,0.149038,0.741033
0.080086,0.029064,0.147890,0.742959
0.079697,0.028688,0.146746,0.744868
0.079317,0.028316,0.145606,0.746761
0.078944,0.027950,0.144470,0.748636
0.078579,0.027589,0.143338,0.750495
0.078221,0.027232,0.142210,0.752337
0.077871,0.026881,0.141086,0.754163
0.077528,0.026534,0.139966,0.755971
0.077193,0.026192,0.138851,0.757764
0.076864,0.025855,0.137741,0.759540
0.076543,0.025522,0.136635,0.761299
0.076229,0.025195,0.135534,0.763043
0.075921,0.024871,0.134437,0.764770
0.075621,0.024553,0.133346,0.766481
0.075326,0.024238,0.132259,0.768176
0.075039,0.023929,0.131178,0.769855
0.074757,0.023623,0.130102,0.771518
0.074482,0.023322,0.129030,0.773165
0.074214,0.023025,0.127965,0.774797
0.073951,0.022732,0.126904,0.776412
0.073695,0.022444,0.125849,0.778013
0.073444,0.022159,0.124799,0.779597
0.073199,0.021879,0.123755,0.781167
0.072960,0.021603,0.122716,0.782720
0.072727,0.021330,0.121683,0.784259
0.072500,0.021062,0.120656,0.785783
0.072278,0.020797,0.119634,0.787291
0.072061,0.020536,0.118619,0.788784
0.071850,0.020279,0.117609,0.790263
0.071644,0.020026,0.116604,0.791726
0.071443,0.019776,0.115606,0.793175
0.071247,0.019530,0.114614,0.794609
0.071057,0.019287,0.113627,0.796029
0.070871,0.019048,0.112647,0.797434
0.070690,0.018812,0.111673,0.798825
0.070514,0.018580,0.110705,0.800201
0.070343,0.018351,0.109742,0.801564
0.070177,0.018125,0.108786,0.802912
0.070015,0.017902,0.107836,0.804246
0.069858,0.017683,0.106893,0.805566
0.069705,0.017467,0.105955,0.806873
0.069557,0.017254,0.105024,0.808165
0.069413,0.017044,0.104098,0.809444
0.069274,0.016837,0.103179,0.810709
0.069139,0.016634,0.102267,0.811961
0.069007,0.016433,0.101360,0.813200
0.068881,0.016235,0.100460,0.814425
0.068758,0.016039,0.099566,0.815637
0.068639,0.015847,0.098678,0.816836
0.068524,0.015658,0.097797,0.818022
0.068413,0.015471,0.096922,0.819195
0.068306,0.015287,0.096053,0.820355
0.068203,0.015105,0.095190,0.821502
0.068103,0.014926,0.094334,0.822637
0.068007,0.014750,0.093484,0.823759
0.067915,0.014576,0.092640,0.824869
0.067826,0.014405,0.091802,0.825967
0.067741,0.014236,0.090971,0.827052
0.067660,0.014069,0.090146,0.828125
0.067582,0.013905,0.089327,0.829186
0.067507,0.013744,0.088514,0.830235
0.067436,0.013584,0.087708,0.831272
0.067368,0.013427,0.086908,0.832297
0.067303,0.013273,0.086114,0.833310
0.067242,0.013120,0.085326,0.834312
0.067183,0.012969,0.084545,0.835303
0.067128,0.012821,0.083769,0.836282
0.067076,0.012675,0.083000,0.837249
0.067027,0.012531,0.082237,0.838205
0.066981,0.012389,0.081479,0.839151
0.066938,0.012249,0.080728,0.840085
0.066898,0.012111,0.079983,0.841008
0.066861,0.011974,0.079244,0.841920
0.066827,0.011840,0.078512,0.842821
0.066795,0.011708,0.077785,0.843712
0.066767,0.011577,0.077064,0.844592
0.066741,0.011449,0.076349,0.845462
0.066718,0.011322,0.075640,0.846321
0.066697,0.011197,0.074936,0.847169
0.066680,0.011073,0.074239,0.848008
0.066664,0.010952,0.073548,0.848836
0.066652,0.010832,0.072862,0.849654
0.066642,0.010714,0.072182,0.850462
0.066634,0.010597,0.071508,0.851260
0.066629,0.010482,0.070840,0.852049
0.066627,0.010369,0.070177,0.852827
0.066626,0.010257,0.069520,0.853596
0.066629,0.010147,0.068869,0.854356
0.066633,0.010038,0.068224,0.855105
0.066640,0.009930,0.067583,0.855846
0.066650,0.009825,0.066949,0.856577
0.066661,0.009720,0.066320,0.857298
0.066675,0.009617,0.065697,0.858011
0.066691,0.009516,0.065079,0.858714
0.066709,0.009416,0.064466,0.859409
0.066730,0.009317,0.063859,0.860094
0.066752,0.009219,0.063257,0.860771
0.066777,0.009123,0.062661,0.861439
0.066804,0.009028,0.062070,0.862098
0.066833,0.008935,0.061484,0.862748
0.066864,0.008842,0.060904,0.863390
0.066897,0.008751,0.060328,0.864024
0.066931,0.008661,0.059758,0.864649
0.066968,0.008572,0.059193,0.865266
0.067007,0.008485,0.058633,0.865874
0.067048,0.008399,0.058079,0.866475
0.067091,0.008313,0.057529,0.867067
0.067135,0.008229,0.056984,0.867651
0.067182,0.008146,0.056444,0.868228
0.067230,0.008064,0.055910,0.868796
0.067280,0.007983,0.055380,0.869357
0.067332,0.007903,0.054855,0.869910
0.067386,0.007825,0.054334,0.870455
0.067441,0.007747,0.053819,0.870993
0.067498,0.007670,0.053308,0.871523
0.067557,0.007594,0.052803,0.872046
0.067618,0.007520,0.052301,0.872561
0.067680,0.007446,0.051805,0.873069
0.067744,0.007373,0.051313,0.873570
0.067809,0.007301,0.050826,0.874064
0.067876,0.007230,0.050343,0.874551
0.067945,0.007160,0.049865,0.875030
0.068015,0.007091,0.049391,0.875503
0.068087,0.007022,0.048922,0.875969
0.068161,0.006955,0.048457,0.876427
0.068236,0.006888,0.047997,0.876880
0.068312,0.006822,0.047541,0.877325
0.068390,0.006757,0.047089,0.877764
0.068470,0.006693,0.046641,0.878196
0.068551,0.006629,0.046198,0.878622
0.068633,0.006567,0.045759,0.879041
0.068717,0.006505,0.045324,0.879454
0.068802,0.006444,0.044894,0.879860
0.068889,0.006383,0.044467,0.880261
0.068977,0.006324,0.044045,0.880655
0.069066,0.006265,0.043626,0.881043
0.069157,0.006207,0.043212,0.881425
0.069249,0.006149,0.042801,0.881800
0.069342,0.006093,0.042395,0.882170
0.069437,0.006036,0.041992,0.882534
0.069533,0.005981,0.041594,0.882892
0.069630,0.005926,0.041199,0.883245
0.069729,0.005872,0.040808,0.883591
0.069829,0.005819,0.040421,0.883932
0.069930,0.005766,0.040037,0.884267
0.070032,0.005714,0.039657,0.884597
0.070135,0.005662,0.039281,0.884921
0.070240,0.005611,0.038909,0.885240
0.070346,0.005561,0.038540,0.885553
0.070453,0.005511,0.038175,0.885861
0.070561,0.005462,0.037813,0.886164
0.070671,0.005413,0.037455,0.886461
0.070781,0.005365,0.037100,0.886753
0.070893,0.005317,0.036749,0.887040
0.071006,0.005270,0.036402,0.887322
0.071119,0.005224,0.036057,0.887599
0.071234,0.005178,0.035716,0.887871
0.071350,0.005133,0.035379,0.888138
0.071468,0.005088,0.035044,0.888400
0.071586,0.005043,0.034713,0.888658
0.071705,0.005000,0.034385,0.888910
0.071825,0.004956,0.034061,0.889158
0.071946,0.004913,0.033740,0.889401
0.072069,0.004871,0.033421,0.889639
0.072192,0.004829,0.033106,0.889873
0.072316,0.004788,0.032794,0.890102
0.072442,0.004747,0.032485,0.890327
0.072568,0.004706,0.032179,0.890547
0.072695,0.004666,0.031877,0.890762
0.072823,0.004626,0.031577,0.890974
0.072952,0.004587,0.031280,0.891181
0.073082,0.004548,0.030986,0.891383
0.073213,0.004510,0.030695,0.891582
0.073345,0.004472,0.030407,0.891776
0.073478,0.004434,0.030121,0.891966
0.073612,0.004397,0.029839,0.892152
0.073747,0.004360,0.029559,0.892334
0.073882,0.004324,0.029282,0.892512
0.074018,0.004288,0.029008,0.892686
0.074156,0.004252,0.028737,0.892855
0.074294,0.004217,0.028468,0.893021
0.074433,0.004182,0.028202,0.893183
0.074572,0.004148,0.027938,0.893341
0.074713,0.004114,0.027677,0.893496
0.074854,0.004080,0.027419,0.893646
0.074996,0.004047,0.027163,0.893793
0.075139,0.004014,0.026910,0.893936
0.075283,0.003981,0.026660,0.894076
0.075428,0.003949,0.026412,0.894212
0.075573,0.003917,0.026166,0.894344
0.075719,0.003885,0.025923,0.894473
0.075866,0.003854,0.025682,0.894598
0.076014,0.003823,0.025443,0.894720
0.076162,0.003792,0.025207,0.894838
0.076312,0.003761,0.024974,0.894953
0.076462,0.003731,0.024742,0.895065
0.076612,0.003702,0.024513,0.895173
0.076764,0.003672,0.024286,0.895278
0.076916,0.003643,0.024062,0.895380
0.077068,0.003614,0.023839,0.895478
0.077222,0.003585,0.023619,0.895573
0.077376,0.003557,0.023401,0.895665
0.077531,0.003529,0.023186,0.895754
0.077686,0.003501,0.022972,0.895840
0.077843,0.003474,0.022761,0.895923
0.077999,0.003447,0.022551,0.896003
0.078157,0.003420,0.022344,0.896079
0.078315,0.003393,0.022139,0.896153
0.078474,0.003367,0.021936,0.896224
0.078633,0.003340,0.021735,0.896292
0.078794,0.003315,0.021535,0.896356
0.078954,0.003289,0.021338,0.896419
0.079116,0.003264,0.021143,0.896478
0.079278,0.003238,0.020950,0.896534
0.079440,0.003213,0.020758,0.896588
0.079603,0.003189,0.020569,0.896639
0.079767,0.003164,0.020381,0.896687
0.079932,0.003140,0.020196,0.896732
0.080097,0.003116,0.020012,0.896775
0.080262,0.003093,0.019830,0.896815
0.080428,0.003069,0.019650,0.896853
0.080595,0.003046,0.019471,0.896888
0.080762,0.003023,0.019295,0.896920
0.080930,0.003000,0.019120,0.896950
0.081098,0.002977,0.018947,0.896978
0.081267,0.002955,0.018775,0.897003
0.081437,0.002933,0.018605,0.897025
0.081607,0.002911,0.018437,0.897045
0.081777,0.002889,0.018271,0.897063
0.081948,0.002867,0.018106,0.897078
0.082120,0.002846,0.017943,0.897091
0.082292,0.002825,0.017782,0.897102
0.082465,0.002804,0.017622,0.897110
0.082638,0.002783,0.017464,0.897116
0.082811,0.002762,0.017307,0.897119
0.082986,0.002742,0.017152,0.897121
0.083160,0.002722,0.016998,0.897120
0.083335,0.002702,0.016846,0.897117
0.083511,0.002682,0.016695,0.897112
0.083687,0.002662,0.016546,0.897105
0.083863,0.002643,0.016399,0.897095
0.084040,0.002623,0.016252,0.897084
0.084218,0.002604,0.016108,0.897070
0.084396,0.002585,0.015964,0.897055
0.084574,0.002566,0.015823,0.897037
0.084753,0.002548,0.015682,0.897017
0.084932,0.002529,0.015543,0.896995
0.085112,0.002511,0.015405,0.896972
0.085292,0.002493,0.015269,0.896946
0.085473,0.002475,0.015134,0.896918
0.085654,0.002457,0.015000,0.896889
0.085836,0.002439,0.014868,0.896857
0.086017,0.002422,0.014737,0.896824
0.086200,0.002404,0.014607,0.896789
0.086383,0.002387,0.014478,0.896752
0.086566,0.002370,0.014351,0.896713
0.086749,0.002353,0.014225,0.896672
0.086933,0.002337,0.014100,0.896630
0.087118,0.002320,0.013977,0.896586
0.087302,0.002304,0.013854,0.896540
0.087487,0.002287,0.013733,0.896492
0.087673,0.002271,0.013613,0.896443
0.087859,0.002255,0.013495,0.896392
0.088045,0.002239,0.013377,0.896339
0.088232,0.002223,0.013260,0.896284
0.088419,0.002208,0.013145,0.896228
0.088606,0.002192,0.013031,0.896170
0.088794,0.002177,0.012918,0.896111
0.088982,0.002162,0.012806,0.896050
0.089171,0.002147,0.012695,0.895987
0.089360,0.002132,0.012585,0.895923
0.089549,0.002117,0.012476,0.895858
0.089739,0.002102,0.012369,0.895790
0.089929,0.002088,0.012262,0.895722
0.090119,0.002073,0.012157,0.895652
0.090309,0.002059,0.012052,0.895580
0.090500,0.002045,0.011948,0.895507
0.090692,0.002031,0.011846,0.895432
0.090883,0.002017,0.011744,0.895356
0.091075,0.002003,0.011644,0.895278
0.091267,0.001989,0.011544,0.895199
0.091460,0.001975,0.011446,0.895119
0.091653,0.001962,0.011348,0.895037
0.091846,0.001948,0.011251,0.894954
0.092040,0.001935,0.011155,0.894870
0.092233,0.001922,0.011061,0.894784
0.092428,0.001909,0.010967,0.894697
0.092622,0.001896,0.010874,0.894608
0.092817,0.001883,0.010781,0.894519
0.093012,0.001870,0.010690,0.894428
0.093207,0.001858,0.010600,0.894335
0.093403,0.001845,0.010510,0.894242
0.093599,0.001833,0.010422,0.894147
0.093795,0.001821,0.010334,0.894051
0.093991,0.001808,0.010247,0.893953
0.094188,0.001796,0.010161,0.893855
0.094385,0.001784,0.010076,0.893755
0.094582,0.001772,0.009991,0.893654
0.094780,0.001760,0.009907,0.893552
0.094978,0.001749,0.009825,0.893449
0.095176,0.001737,0.009743,0.893344
0.095374,0.001726,0.009661,0.893239
0.095573,0.001714,0.009581,0.893132
0.095772,0.001703,0.009501,0.893024
0.095971,0.001691,0.009422,0.892915
0.096171,0.001680,0.009344,0.892805
0.096370,0.001669,0.009266,0.892694
0.096570,0.001658,0.009190,0.892582
0.096770,0.001647,0.009114,0.892469
0.096971,0.001636,0.009038,0.892354
0.097171,0.001626,0.008964,0.892239
0.097372,0.001615,0.008890,0.892123
0.097573,0.001605,0.008817,0.892005
0.097775,0.001594,0.008744,0.891887
0.097976,0.001584,0.008673,0.891767
0.098178,0.001573,0.008601,0.891647
0.098380,0.001563,0.008531,0.891526
0.098583,0.001553,0.008461,0.891403
0.098785,0.001543,0.008392,0.891280
0.098988,0.001533,0.008324,0.891155
0.099191,0.001523,0.008256,0.891030
0.099394,0.001513,0.008189,0.890904
0.099597,0.001504,0.008122,0.890777
0.099801,0.001494,0.008056,0.890649
0.100005,0.001484,0.007991,0.890520
0.100209,0.001475,0.007926,0.890390
0.100413,0.001465,0.007862,0.890259
0.100617,0.001456,0.007799,0.890128
0.100822,0.001447,0.007736,0.889995
0.101027,0.001437,0.007674,0.889862
0.101232,0.001428,0.007612,0.889728
0.101437,0.001419,0.007551,0.889593
0.101643,0.001410,0.007490,0.889457
0.101848,0.001401,0.007430,0.889320
0.102054,0.001392,0.007371,0.889183
0.102260,0.001384,0.007312,0.889045
0.102466,0.001375,0.007253,0.888905
0.102673,0.001366,0.007196,0.888766
0.102879,0.001358,0.007138,0.888625
0.103086,0.001349,0.007082,0.888483
0.103293,0.001341,0.007026,0.888341
0.103500,0.001332,0.006970,0.888198
0.103707,0.001324,0.006915,0.888054
0.103915,0.001316,0.006860,0.887910
0.104122,0.001307,0.006806,0.887764
0.104330,0.001299,0.006752,0.887619
0.104538,0.001291,0.006699,0.887472
0.104746,0.001283,0.006646,0.887324
0.104954,0.001275,0.006594,0.887176
0.105163,0.001267,0.006543,0.887027
0.105372,0.001259,0.006491,0.886878
0.105580,0.001252,0.006441,0.886728
0.105789,0.001244,0.006390,0.886577
0.105998,0.001236,0.006340,0.886425
0.106208,0.001229,0.006291,0.886273
0.106417,0.001221,0.006242,0.886120
0.106627,0.001214,0.006194,0.885966
0.106836,0.001206,0.006146,0.885812
0.107046,0.001199,0.006098,0.885657
0.107256,0.001191,0.006051,0.885501
0.107466,0.001184,0.006004,0.885345
0.107677,0.001177,0.005958,0.885189
0.107887,0.001170,0.005912,0.885031
0.108098,0.001163,0.005867,0.884873
0.108308,0.001156,0.005821,0.884714
0.108519,0.001149,0.005777,0.884555
0.108730,0.001142,0.005733,0.884395
0.108941,0.001135,0.005689,0.884235
0.109153,0.001128,0.005645,0.884074
0.109364,0.001121,0.005602,0.883912
0.109576,0.001114,0.005560,0.883750
0.109787,0.001108,0.005517,0.883588
0.109999,0.001101,0.005475,0.883424
0.110211,0.001095,0.005434,0.883261
0.110423,0.001088,0.005393,0.883096
0.110635,0.001082,0.005352,0.882931
0.110847,0.001075,0.005312,0.882766
0.111060,0.001069,0.005272,0.882600
0.111272,0.001062,0.005232,0.882433
0.111485,0.001056,0.005193,0.882266
0.111698,0.001050,0.005154,0.882099
0.111911,0.001044,0.005115,0.881931
0.112124,0.001037,0.005077,0.881762
0.112337,0.001031,0.005039,0.881593
0.112550,0.001025,0.005001,0.881424
0.112763,0.001019,0.004964,0.881254
0.112977,0.001013,0.004927,0.881083
0.113190,0.001007,0.004890,0.880912
0.113404,0.001001,0.004854,0.880741
0.113618,0.000995,0.004818,0.880569
0.113832,0.000990,0.004782,0.880396
0.114046,0.000984,0.004747,0.880223
0.114260,0.000978,0.004712,0.880050
0.114474,0.000972,0.004677,0.879876
0.114688,0.000967,0.004643,0.879702
0.114903,0.000961,0.004609,0.879527
0.115117,0.000956,0.004575,0.879352
0.115332,0.000950,0.004542,0.879177
0.115546,0.000945,0.004508,0.879001
0.115761,0.000939,0.004475,0.878824
0.115976,0.000934,0.004443,0.878647
0.116191,0.000928,0.004410,0.878470
0.116406,0.000923,0.004378,0.878292
0.116621,0.000918,0.004347,0.878114
0.116836,0.000913,0.004315,0.877936
0.117052,0.000907,0.004284,0.877757
0.117267,0.000902,0.004253,0.877578
0.117483,0.000897,0.004222,0.877398
0.117698,0.000892,0.004192,0.877218
0.117914,0.000887,0.004162,0.877037
0.118130,0.000882,0.004132,0.876857
0.118346,0.000877,0.004102,0.876675
0.118561,0.000872,0.004073,0.876494
0.118777,0.000867,0.004044,0.876312
0.118994,0.000862,0.004015,0.876130
0.119210,0.000857,0.003986,0.875947
0.119426,0.000852,0.003958,0.875764
0.119642,0.000848,0.003930,0.875580
0.119859,0.000843,0.003902,0.875397
0.120075,0.000838,0.003874,0.875213
0.120292,0.000834,0.003847,0.875028
0.120508,0.000829,0.003820,0.874843
0.120725,0.000824,0.003793,0.874658
0.120942,0.000820,0.003766,0.874473
0.121158,0.000815,0.003739,0.874287
0.121375,0.000811,0.003713,0.874101
0.121592,0.000806,0.003687,0.873914
0.121809,0.000802,0.003661,0.873728
0.122026,0.000797,0.003636,0.873541
0.122243,0.000793,0.003610,0.873353
0.122461,0.000789,0.003585,0.873166
0.122678,0.000784,0.003560,0.872978
0.122895,0.000780,0.003536,0.872789
0.123113,0.000776,0.003511,0.872601
0.123330,0.000771,0.003487,0.872412
0.123548,0.000767,0.003463,0.872223
0.123765,0.000763,0.003439,0.872033
0.123983,0.000759,0.003415,0.871843
0.124200,0.000755,0.003392,0.871653
0.124418,0.000751,0.003368,0.871463
0.124636,0.000747,0.003345,0.871272
0.124854,0.000742,0.003322,0.871081
0.125072,0.000738,0.003300,0.870890
0.125290,0.000735,0.003277,0.870699
0.125508,0.000731,0.003255,0.870507
0.125726,0.000727,0.003233,0.870315
0.125944,0.000723,0.003211,0.870123
0.126162,0.000719,0.003189,0.869930
0.126380,0.000715,0.003167,0.869737
0.126599,0.000711,0.003146,0.869544
0.126817,0.000707,0.003125,0.869351
0.127035,0.000704,0.003104,0.869157
0.127254,0.000700,0.003083,0.868964
0.127472,0.000696,0.003062,0.868770
0.127691,0.000692,0.003041,0.868575
0.127909,0.000689,0.003021,0.868381
0.128128,0.000685,0.003001,0.868186
0.128346,0.000682,0.002981,0.867991
0.128565,0.000678,0.002961,0.867796
0.128784,0.000674,0.002941,0.867600
0.129003,0.000671,0.002922,0.867405
0.129221,0.000667,0.002902,0.867209
0.129440,0.000664,0.002883,0.867013
0.129659,0.000660,0.002864,0.866816
0.129878,0.000657,0.002845,0.866620
0.130097,0.000654,0.002826,0.866423
0.130316,0.000650,0.002808,0.866226
0.130535,0.000647,0.002789,0.866029
0.130754,0.000643,0.002771,0.865831
0.130973,0.000640,0.002753,0.865634
0.131192,0.000637,0.002735,0.865436
0.131411,0.000633,0.002717,0.865238
0.131631,0.000630,0.002699,0.865040
0.131850,0.000627,0.002682,0.864841
0.132069,0.000624,0.002664,0.864643
0.132288,0.000621,0.002647,0.864444
0.132508,0.000617,0.002630,0.864245
0.132727,0.000614,0.002613,0.864046
0.132947,0.000611,0.002596,0.863846
0.133166,0.000608,0.002580,0.863647
0.133385,0.000605,0.002563,0.863447
0.133605,0.000602,0.002546,0.863247
0.133824,0.000599,0.002530,0.863047
0.134044,0.000596,0.002514,0.862846
0.134263,0.000593,0.002498,0.862646
0.134483,0.000590,0.002482,0.862445
0.134703,0.000587,0.002466,0.862244
0.134922,0.000584,0.002451,0.862043
0.135142,0.000581,0.002435,0.861842
0.135362,0.000578,0.002420,0.861641
0.135581,0.000575,0.002404,0.861439
0.135801,0.000572,0.002389,0.861238
0.136021,0.000569,0.002374,0.861036
0.136240,0.000567,0.002359,0.860834
0.136460,0.000564,0.002344,0.860632
0.136680,0.000561,0.002330,0.860430
0.136900,0.000558,0.002315,0.860227
0.137120,0.000555,0.002301,0.860024
0.137339,0.000553,0.002286,0.859822
0.137559,0.000550,0.002272,0.859619
0.137779,0.000547,0.002258,0.859416
0.137999,0.000545,0.002244,0.859213
0.138219,0.000542,0.002230,0.859009
0.138439,0.000539,0.002216,0.858806
0.138659,0.000537,0.002202,0.858602
0.138879,0.000534,0.002189,0.858398
0.139099,0.000531,0.002175,0.858194
0.139319,0.000529,0.002162,0.857990
0.139539,0.000526,0.002149,0.857786
0.139759,0.000524,0.002136,0.857582
0.139979,0.000521,0.002123,0.857377
0.140199,0.000519,0.002110,0.857173
0.140419,0.000516,0.002097,0.856968
0.140639,0.000514,0.002084,0.856763
0.140859,0.000511,0.002071,0.856558
0.141079,0.000509,0.002059,0.856353
0.141299,0.000506,0.002046,0.856148
0.141519,0.000504,0.002034,0.855943
0.141740,0.000501,0.002022,0.855737
0.141960,0.000499,0.002010,0.855532
0.142180,0.000497,0.001997,0.855326
0.142400,0.000494,0.001985,0.855120
0.142620,0.000492,0.001974,0.854914
0.142840,0.000490,0.001962,0.854708
0.143060,0.000487,0.001950,0.854502
0.143281,0.000485,0.001938,0.854296
0.143501,0.000483,0.001927,0.854090
0.143721,0.000481,0.001916,0.853883
0.143941,0.000478,0.001904,0.853676
0.144161,0.000476,0.001893,0.853470
0.144381,0.000474,0.001882,0.853263
0.144602,0.000472,0.001871,0.853056
0.144822,0.000469,0.001860,0.852849
0.145042,0.000467,0.001849,0.852642
0.145262,0.000465,0.001838,0.852435
0.145482,0.000463,0.001827,0.852228
0.145703,0.000461,0.001816,0.852020
0.145923,0.000459,0.001806,0.851813
0.146143,0.000457,0.001795,0.851605
0.146363,0.000454,0.001785,0.851397
0.146583,0.000452,0.001775,0.851190
0.146804,0.000450,0.001764,0.850982
0.147024,0.000448,0.001754,0.850774
0.147244,0.000446,0.001744,0.850566
0.147464,0.000444,0.001734,0.850358
0.147684,0.000442,0.001724,0.850150
0.147905,0.000440,0.001714,0.849941
0.148125,0.000438,0.001704,0.849733
0.148345,0.000436,0.001695,0.849524
0.148565,0.000434,0.001685,0.849316
0.148785,0.000432,0.001675,0.849107
0.149005,0.000430,0.001666,0.848899
0.149226,0.000428,0.001656,0.848690
0.149446,0.000426,0.001647,0.848481
0.149666,0.000425,0.001638,0.848272
0.149886,0.000423,0.001628,0.848063
0.150106,0.000421,0.001619,0.847854
0.150326,0.000419,0.001610,0.847645
0.150546,0.000417,0.001601,0.847436
0.150767,0.000415,0.001592,0.847226
0.150987,0.000413,0.001583,0.847017
0.151207,0.000411,0.001574,0.846807
0.151427,0.000410,0.001566,0.846598
0.151647,0.000408,0.001557,0.846388
0.151867,0.000406,0.001548,0.846179
0.152087,0.000404,0.001540,0.845969
0.152307,0.000403,0.001531,0.845759
0.152527,0.000401,0.001523,0.845549
0.152747,0.000399,0.001514,0.845339
0.152967,0.000397,0.001506,0.845129
